[43008, 3, 0, 0, 0]
[448000, 28, 32768, 1, 532260]
[30208, 4, 33088, 6, 139261]
[141824, 5, 34112, 6, 7845599]
[11776, 8, 0, 0, 0]
[24576, 4, 0, 1, 0]
[313344, 10, 0, 0, 1601180]
[2560, 4, 0, 0, 0]
[11776, 8, 0, 0, 0]
[0, 3, 0, 0, 0]
[73728, 3, 320, 0, 5932131]
[1837056, 5, 33088, 0, 3223331]
[461312, 4, 0, 0, 0]
[1536, 3, 34112, 0, 0]
[8372224, 3, 0, 0, 8976138]
[15872, 3, 34144, 0, 5581046]
[90624, 3, 0, 0, 0]
[10752, 8, 0, 0, 0]
[422912, 5, 33024, 0, 234173]
[629760, 5, 33088, 0, 808853]
[2228224, 4, 0, 0, 0]
[106496, 3, 0, 0, 0]
[1536, 4, 0, 1, 0]
[2119168, 6, 33088, 6, 2919158]
[1536, 3, 34112, 0, 0]
[1536, 3, 34112, 0, 0]
[40448, 4, 32768, 0, 203424]
[69632, 3, 33088, 0, 334265]
[86528, 9, 0, 0, 0]
[61440, 5, 0, 0, 0]
[400896, 4, 33088, 6, 1156931]
[473600, 6, 33088, 0, 795979]
[1536, 3, 34112, 0, 0]
[1536, 3, 34112, 0, 0]
[230912, 4, 34112, 0, 0]
[24576, 3, 34112, 0, 106499]
[155648, 5, 0, 1, 0]
[358400, 6, 32768, 1, 0]
[141824, 5, 34112, 6, 8824893]
[338944, 4, 33088, 6, 449720]
[512, 2, 34112, 0, 0]
[273920, 8, 0, 0, 0]
[25088, 4, 33088, 28140, 0]
[40448, 4, 32768, 0, 212790]
[4096, 3, 0, 0, 0]
[10752, 8, 0, 0, 0]
[19968, 5, 33088, 0, 68331]
[449024, 7, 0, 1, 472674]
[8192, 3, 0, 51, 81112]
[8192, 3, 0, 1, 185882]