[448000, 24, 32768, 1, 532260]
[11776, 5, 0, 0, 0]
[24576, 1, 0, 1, 0]
[557056, 0, 0, 0, 0]
[137728, 0, 32768, 0, 0]
[245760, 0, 0, 0, 0]
[11776, 5, 0, 0, 0]
[300544, 5, 0, 0, 464246]
[1890816, 0, 32768, 0, 3184226]
[306688, 1, 33088, 0, 513742]
[0, 0, 0, 0, 0]
[235520, 5, 0, 0, 0]
[323584, 3, 32832, 0, 720910]
[921600, 0, 0, 0, 2513810]
[73728, 2, 320, 0, 5932131]
[893952, 5, 32832, 0, 2156903]
[28672, 2, 0, 8, 158747]
[461312, 1, 0, 0, 0]
[1536, 1, 33024, 0, 86800]
[64512, 1, 33088, 0, 0]
[1536, 1, 34112, 0, 0]
[4096, 2, 0, 23, 0]
[227328, 2, 34112, 0, 0]
[24576, 2, 33024, 0, 15272219]
[272896, 3, 33088, 0, 1273626]
[90624, 1, 0, 0, 0]
[10752, 5, 0, 0, 0]
[378368, 1, 34112, 0, 0]
[4608, 1, 34112, 10, 10611]
[8192, 1, 34112, 0, 0]
[2228224, 0, 0, 0, 0]
[20480, 0, 0, 7, 539725]
[106496, 3, 0, 0, 0]
[834560, 1, 33088, 0, 2203095]
[232960, 2, 33088, 0, 808318]
[1536, 1, 34112, 0, 0]
[1536, 1, 34112, 0, 0]
[17920, 5, 32832, 6, 0]
[249856, 1, 33088, 0, 262169]
[603136, 4, 0, 0, 0]
[86528, 3, 0, 0, 0]
[61440, 1, 0, 0, 0]
[20480, 0, 0, 8, 11312456]
[422912, 1, 33024, 0, 234173]
[32768, 1, 34144, 0, 167009]
[5120, 1, 33088, 6, 41065]
[1036800, 1, 33024, 0, 3844753]
[1536, 1, 34112, 0, 0]
[1536, 1, 34112, 0, 0]
[3584, 1, 34144, 0, 0]
[10517504, 2, 33120, 0, 20353580]
[1536, 1, 34112, 0, 0]
[155648, 0, 0, 1, 0]
[708096, 1, 33088, 10, 553847]
[61440, 1, 33088, 0, 216835]
[358400, 3, 32768, 1, 0]
[1577472, 3, 0, 1, 1615454]
[12800, 1, 33120, 0, 79650]
[248832, 1, 33088, 0, 272795]
[3584, 0, 32768, 0, 0]
[1861632, 1, 32832, 0, 2464148]
[28672, 1, 34112, 0, 124905]
[298496, 2, 34112, 0, 1950229]
[2450432, 6, 32768, 0, 24400796]
[512, 1, 34112, 0, 0]
[43008, 1, 0, 0, 0]
[249856, 1, 33088, 0, 318150]
[72704, 2, 33088, 0, 0]
[200704, 3, 33024, 0, 236408]
[86016, 3, 0, 0, 0]
[53248, 0, 0, 0, 292970]
[3895296, 12, 0, 1, 8673311]
[17920, 5, 32768, 6, 0]
[273920, 5, 0, 0, 0]
[45056, 2, 0, 2, 0]
[6625280, 0, 33024, 0, 7620375]
[53760, 2, 32768, 6, 0]
[4096, 2, 0, 0, 0]
[4292096, 2, 33088, 0, 6244954]
[449024, 1, 0, 1, 472674]
[1536, 1, 34112, 0, 0]
[118784, 1, 34112, 6, 0]
[8192, 0, 0, 1, 69528]
[492032, 3, 34112, 0, 0]
[1536, 1, 34112, 0, 0]
[10752, 5, 0, 0, 0]
[8192, 1, 34112, 0, 0]
[4906496, 2, 33088, 0, 12533663]
[8192, 0, 0, 51, 81112]
[4096, 2, 0, 0, 0]
[2048, 1, 34144, 0, 0]
[1536, 1, 34144, 0, 0]
[69632, 0, 0, 0, 0]